client c0_11: data:2216 train: 2216 train: [2.1230974577475283, 1.8801374625468599, 1.7151726622512375, 1.6209302138591157, 1.4874846313310706] [17.889492753623188, 26.721014492753625, 35.46195652173913, 40.21739130434783, 45.516304347826086] val: [1.9612819447236902, 1.81226268936606, 1.7107225446140064, 1.5997238579918356, 1.532478830393623] [24.816176470588236, 30.330882352941178, 35.294117647058826, 41.1764705882353, 43.01470588235294] test: 1.5372445443097282 40.80882352941177
client c0_9: data:2216 train: 2216 train: [2.081365466117859, 1.7955421485762666, 1.6307050628938538, 1.5123244161191194, 1.4417602946792825] [21.286231884057973, 31.068840579710145, 38.08876811594203, 44.06702898550725, 46.55797101449275] val: [2.0169991605422077, 1.8181442302816055, 1.6252211262198055, 1.5665769156287699, 1.5752059291390812] [25.36764705882353, 31.985294117647058, 39.705882352941174, 43.75, 42.64705882352941] test: 1.5263938342823702 43.93382352941177
client c0_18: data:2216 train: 2216 train: [2.1510479052861533, 1.9125008151151133, 1.7790660305299622, 1.6449130980864815, 1.57895420945209] [16.93840579710145, 27.128623188405797, 32.69927536231884, 37.77173913043478, 41.21376811594203] val: [1.9793771855971392, 1.883256701862111, 1.6833793135250317, 1.641950572238249, 1.5768911768408382] [26.83823529411765, 33.27205882352941, 36.76470588235294, 39.88970588235294, 40.44117647058823] test: 1.619265310904559 38.786764705882355
client c0_1: data:2216 train: 2216 train: [2.120418868203094, 1.8872411527495454, 1.722608208656311, 1.6219099690948708, 1.505580765613611] [19.791666666666668, 28.84963768115942, 34.69202898550725, 39.90036231884058, 43.75] val: [2.010014302590314, 1.7837413900038774, 1.6824948086458094, 1.5879207288517672, 1.6177023579092586] [27.75735294117647, 33.8235294117647, 38.786764705882355, 44.3014705882353, 39.154411764705884] test: 1.6333049535751343 40.625
client c0_15: data:2216 train: 2216 train: [2.1531352202097573, 1.894627850988637, 1.7350785766822705, 1.6026116229485774, 1.4931089999019236] [17.708333333333332, 29.030797101449274, 34.64673913043478, 41.07789855072464, 44.38405797101449] val: [1.9571232445099775, 1.7822921135846306, 1.7656281625523287, 1.6950583598193, 1.6930337443071253] [18.014705882352942, 33.8235294117647, 37.86764705882353, 37.68382352941177, 37.86764705882353] test: 1.6280753542395199 39.154411764705884
client c0_3: data:2216 train: 2216 train: [2.113815965859786, 1.8553633378899617, 1.6972267005754553, 1.5871282798656519, 1.4564982289853303] [17.57246376811594, 28.940217391304348, 35.68840579710145, 39.6286231884058, 45.289855072463766] val: [1.9494216582354378, 1.7775224447250366, 1.662553261308109, 1.6392268573536593, 1.5567310277153463] [28.125, 33.63970588235294, 39.154411764705884, 38.23529411764706, 42.830882352941174] test: 1.5928618066451128 38.970588235294116
client c0_13: data:2216 train: 2216 train: [2.1314832162165986, 1.8718364618826604, 1.7327652720437534, 1.6188541357068047, 1.482824306557144] [19.565217391304348, 31.11413043478261, 35.05434782608695, 39.40217391304348, 46.3768115942029] val: [1.9310285554212683, 1.7642302513122559, 1.713142661487355, 1.7009790364433737, 1.6405021162594067] [25.183823529411764, 34.74264705882353, 37.31617647058823, 39.52205882352941, 42.095588235294116] test: 1.6670409160501816 42.463235294117645
client c0_5: data:2216 train: 2216 train: [2.161592241646587, 1.8903502312259397, 1.742890705233035, 1.6629028493079587, 1.5239773902340212] [18.75, 28.532608695652176, 33.28804347826087, 37.86231884057971, 41.21376811594203] val: [1.9762453892651726, 1.7748722679474775, 1.7247390887316536, 1.5567796230316162, 1.5634821162504309] [25.735294117647058, 33.63970588235294, 35.47794117647059, 41.911764705882355, 43.56617647058823] test: 1.6602898415397196 38.60294117647059
client c0_12: data:2216 train: 2216 train: [2.142995798069498, 1.9407763446586719, 1.798807119977647, 1.720324198404948, 1.604885256808737] [17.79891304347826, 27.219202898550726, 32.291666666666664, 35.46195652173913, 41.21376811594203] val: [2.077625730458428, 1.8730422118130852, 1.8807424797731287, 1.6771683552685905, 1.6549985689275406] [23.71323529411765, 30.147058823529413, 29.96323529411765, 36.76470588235294, 37.5] test: 1.7032991226981669 35.661764705882355
client c0_7: data:2216 train: 2216 train: [2.1454759352449058, 1.9487448567929475, 1.7715745594190515, 1.6112732144369595, 1.5104524985603665] [17.527173913043477, 26.94746376811594, 32.92572463768116, 39.583333333333336, 43.61413043478261] val: [1.9813149606480318, 1.8502717298619888, 1.7372742610819198, 1.6595006059197819, 1.6054457215701832] [26.654411764705884, 32.904411764705884, 37.13235294117647, 38.60294117647059, 40.99264705882353] test: 1.6308388289283304 37.68382352941177
client c0_10: data:2216 train: 2216 train: [2.094720671142357, 1.8270104052363962, 1.6520799329315408, 1.5323921476585278, 1.4026567132576653] [19.746376811594203, 30.253623188405797, 38.768115942028984, 43.61413043478261, 47.64492753623188] val: [1.9402706342584946, 1.827095529612373, 1.746518843314227, 1.6043806496788473, 1.5459036406348734] [25.36764705882353, 32.720588235294116, 37.5, 41.544117647058826, 45.220588235294116] test: 1.6113235249238855 43.93382352941177
client c0_4: data:2216 train: 2216 train: [2.1468726690264717, 1.9362248527830925, 1.807785530021225, 1.699332330537879, 1.5969635610995085] [16.304347826086957, 26.041666666666668, 30.253623188405797, 34.69202898550725, 37.95289855072464] val: [1.9868729254778694, 1.901662034146926, 1.7423475910635555, 1.6365228751126457, 1.6979006949593038] [24.448529411764707, 24.264705882352942, 34.19117647058823, 39.88970588235294, 34.55882352941177] test: 1.5903812646865845 39.705882352941174
client c0_2: data:2216 train: 2216 train: [2.151216018027154, 1.949434086896371, 1.8077665619228198, 1.6785203909528428, 1.5754315784012063] [18.432971014492754, 26.81159420289855, 33.83152173913044, 36.73007246376812, 42.844202898550726] val: [1.964061744072858, 1.8376993501887602, 1.7462266964070938, 1.662334540311028, 1.6132407539031084] [24.448529411764707, 29.41176470588235, 34.74264705882353, 39.154411764705884, 42.830882352941174] test: 1.6213794596054976 41.1764705882353
client c0_8: data:2216 train: 2216 train: [2.1563604810963506, 1.889448627181675, 1.7221051454544067, 1.621911795242973, 1.5425788371459297] [17.980072463768117, 27.89855072463768, 34.46557971014493, 38.22463768115942, 41.57608695652174] val: [2.0436582144568947, 1.8922541422002457, 1.699041717192706, 1.6982298879062427, 1.635237742872799] [22.24264705882353, 26.470588235294116, 34.19117647058823, 35.845588235294116, 38.23529411764706] test: 1.6209970011430628 40.44117647058823
client c0_14: data:2216 train: 2216 train: [2.142549941505211, 1.90617937627046, 1.761407961016116, 1.6267081464546314, 1.494227597678917] [20.06340579710145, 27.03804347826087, 32.92572463768116, 38.994565217391305, 43.2518115942029] val: [2.0395893138997696, 1.798010223052081, 1.8347411646562464, 1.6221713739282944, 1.5556095838546753] [23.345588235294116, 35.11029411764706, 31.801470588235293, 43.38235294117647, 42.64705882352941] test: 1.4691605077070349 42.279411764705884
client c0_17: data:2216 train: 2216 train: [2.1413981776306596, 1.900565733080325, 1.731631472490836, 1.6002046422681946, 1.4911660284235857] [17.844202898550726, 26.856884057971016, 35.00905797101449, 39.80978260869565, 43.65942028985507] val: [2.0458974768133724, 1.7909654589260326, 1.6238748887005974, 1.6131027025334976, 1.568851723390467] [24.448529411764707, 30.330882352941178, 42.095588235294116, 38.0514705882353, 42.095588235294116] test: 1.5241833294139189 43.56617647058823
client c0_6: data:2216 train: 2216 train: [2.150285281996796, 1.9357491213342417, 1.7473565288211987, 1.6327959316364233, 1.5184246871782385] [17.346014492753625, 26.856884057971016, 34.23913043478261, 38.405797101449274, 43.70471014492754] val: [1.9913464924868416, 1.8118546640171724, 1.6886216402053833, 1.6094633971943575, 1.593450525227715] [24.63235294117647, 32.536764705882355, 36.580882352941174, 38.970588235294116, 42.279411764705884] test: 1.5616858215893017 44.48529411764706
client c0_16: data:2216 train: 2216 train: [2.135718748189401, 1.9048402292141016, 1.772350295730259, 1.6816960141278696, 1.5715637794439343] [18.795289855072465, 27.85326086956522, 32.69927536231884, 35.552536231884055, 40.48913043478261] val: [1.9823994636535645, 1.8182218916275923, 1.7424270265242632, 1.632048950475805, 1.603984369951136] [25.183823529411764, 29.96323529411765, 34.00735294117647, 39.52205882352941, 41.911764705882355] test: 1.6133030302384321 38.970588235294116
cluster 0 node n1 {'test_loss': 2.113701872336559, 'test_acc': 25.741185897435898} 
cluster 1 node n1 {'test_loss': 2.1131361356148353, 'test_acc': 26.33213141025641} 
cluster 2 node n1 {'test_loss': 2.0922109282169585, 'test_acc': 27.093349358974358} 
cluster 3 node n1 {'test_loss': 2.1518470025979557, 'test_acc': 30.048076923076923} 
cluster 4 node n1 {'test_loss': 2.119508057068556, 'test_acc': 22.19551282051282} 
cluster 5 node n1 {'test_loss': 2.140609010671958, 'test_acc': 25.631009615384617} 
flower aggregation {'test_loss': 2.2515920797983804, 'test_acc': 18.349358974358974} 
client c0_2: data:2216 train: 2216 train: [1.8946429456489673, 1.6807725187660991, 1.5494777707086094, 1.4031485509181367] [28.940217391304348, 38.17934782608695, 42.164855072463766, 47.8713768115942] val: [1.665592074394226, 1.5107985173954683, 1.5963016678305233, 1.549096892861759] [38.0514705882353, 42.64705882352941, 42.095588235294116, 42.463235294117645] test: 1.5654168199090397 42.830882352941174
client c0_4: data:2216 train: 2216 train: [1.947969851286515, 1.694473854009656, 1.6012616278468699, 1.4980528112770854] [23.958333333333332, 34.14855072463768, 39.85507246376812, 43.65942028985507] val: [1.8123705667607926, 1.581592693048365, 1.6405627727508545, 1.5854797713896807] [28.125, 39.338235294117645, 40.0735294117647, 43.1985294117647] test: 1.5659190837074728 40.25735294117647
client c0_12: data:2216 train: 2216 train: [1.8769321942674941, 1.6330484842908555, 1.4936969591223674, 1.4434828913730124, 1.3108639950337617] [28.577898550724637, 39.40217391304348, 44.15760869565217, 46.55797101449275, 52.53623188405797] val: [1.805182604228749, 1.706854273291195, 1.561744262190426, 1.54435835165136, 1.5382762656492346] [31.61764705882353, 35.845588235294116, 43.01470588235294, 43.75, 45.955882352941174] test: 1.5659418667063993 39.88970588235294
client c0_8: data:2216 train: 2216 train: [1.8613148720368096, 1.6369988123575847, 1.4953787154045657, 1.362603689449421, 1.3054329122322192] [28.48731884057971, 39.90036231884058, 42.255434782608695, 48.596014492753625, 51.22282608695652] val: [1.7445677448721493, 1.6533593640607946, 1.544510525815627, 1.5646306767183191, 1.4859890376820284] [36.580882352941174, 39.88970588235294, 41.36029411764706, 42.830882352941174, 47.4264705882353] test: 1.453670992570765 48.89705882352941
client c0_18: data:2216 train: 2216 train: [1.8550115149954092, 1.6450504064559937, 1.5230527131453804, 1.434397452119468, 1.330106013926907] [28.6231884057971, 38.858695652173914, 42.210144927536234, 46.60326086956522, 52.17391304347826] val: [1.7485139650457047, 1.5912605103324442, 1.561223499915179, 1.533095962861005, 1.4968742412679337] [32.169117647058826, 38.786764705882355, 40.44117647058823, 43.93382352941177, 45.77205882352941] test: 1.5858738562640022 43.75
client c0_3: data:2216 train: 2216 train: [1.8240994439608809, 1.630194069682688, 1.4755151651907659, 1.3361919211304707, 1.2681059863256372] [28.940217391304348, 38.22463768115942, 44.56521739130435, 49.36594202898551, 52.98913043478261] val: [1.6888126485487993, 1.64790080575382, 1.4759791808969833, 1.4800511598587036, 1.424224622109357] [38.60294117647059, 39.52205882352941, 46.875, 44.3014705882353, 48.529411764705884] test: 1.4858756135491764 46.50735294117647
client c0_1: data:2216 train: 2216 train: [1.8267701829689136, 1.578560485356096, 1.4668615123499995, 1.3506587553715361, 1.246132518934167] [31.431159420289855, 39.90036231884058, 45.833333333333336, 49.95471014492754, 53.80434782608695] val: [1.6011590607026045, 1.6448630234774422, 1.4453047654208016, 1.5478643319186043, 1.4672915129100574] [43.38235294117647, 42.279411764705884, 47.05882352941177, 42.463235294117645, 48.713235294117645] test: 1.5152807656456442 43.75
client c0_15: data:2216 train: 2216 train: [1.83145743176557, 1.6251537056936733, 1.4746272002441296, 1.3408475164054097] [32.06521739130435, 38.22463768115942, 45.516304347826086, 51.041666666666664] val: [1.7660239794675041, 1.6022049398983227, 1.6389684607000912, 1.6794925928115845] [31.066176470588236, 39.338235294117645, 40.25735294117647, 38.0514705882353] test: 1.5937381001079785 40.0735294117647
client c0_5: data:2216 train: 2216 train: [1.8516044789466306, 1.6468853725903276, 1.511586660924165, 1.4044677226439766] [28.940217391304348, 37.36413043478261, 42.844202898550726, 45.78804347826087] val: [1.6925832383772905, 1.546481497147504, 1.6107286986182718, 1.5637895009096932] [35.11029411764706, 42.095588235294116, 40.0735294117647, 39.52205882352941] test: 1.6202628332025864 41.36029411764706
client c0_11: data:2216 train: 2216 train: [1.8876900949339936, 1.6173097378965737, 1.4877839278483735, 1.3737146362014439, 1.2699603412462317] [27.581521739130434, 38.677536231884055, 44.2481884057971, 47.64492753623188, 52.35507246376812] val: [1.6597072096431957, 1.6271616711336023, 1.5845934853834265, 1.5534554018693811, 1.490134028827443] [38.23529411764706, 41.36029411764706, 42.463235294117645, 40.80882352941177, 45.588235294117645] test: 1.4463204776539522 46.50735294117647
client c0_16: data:2216 train: 2216 train: [1.878086135007333, 1.6339807873186858, 1.5142035553420798, 1.4212741696316262, 1.31312287285708] [28.034420289855074, 37.63586956521739, 43.29710144927536, 46.69384057971015, 51.766304347826086] val: [1.7308013649547802, 1.620225611855002, 1.5259639235103832, 1.5952222908244413, 1.46589954810984] [34.19117647058823, 38.970588235294116, 45.588235294117645, 38.970588235294116, 48.89705882352941] test: 1.5499164988012875 45.404411764705884
client c0_9: data:2216 train: 2216 train: [1.8557278228842693, 1.5799450718838235, 1.4615321021149124, 1.372504018355107, 1.24277106748111] [29.07608695652174, 41.1231884057971, 45.92391304347826, 48.77717391304348, 54.57427536231884] val: [1.6525373739354752, 1.6247946304433487, 1.6149003295337452, 1.4253801177529728, 1.4178307266796337] [38.786764705882355, 40.80882352941177, 40.99264705882353, 51.838235294117645, 47.4264705882353] test: 1.3595812040216781 52.75735294117647
client c0_14: data:2216 train: 2216 train: [1.8490874559982964, 1.6070867465889973, 1.5089061139286428, 1.3764538108438686, 1.2391180534293686] [28.170289855072465, 39.85507246376812, 43.88586956521739, 48.32427536231884, 53.39673913043478] val: [1.7187763733022354, 1.6442053037531235, 1.583410620689392, 1.5235091167337753, 1.5369116944425247] [35.294117647058826, 40.99264705882353, 38.419117647058826, 45.220588235294116, 41.72794117647059] test: 1.4337715541615206 47.24264705882353
client c0_13: data:2216 train: 2216 train: [1.8679098495538684, 1.6502894042194753, 1.502077289249586, 1.3773851524228635, 1.2816237453101338] [28.894927536231883, 37.54528985507246, 44.927536231884055, 49.41123188405797, 52.67210144927536] val: [1.6538180112838745, 1.6450980971841251, 1.5865147534538717, 1.4661538881414078, 1.5287239271051742] [39.154411764705884, 41.72794117647059, 44.3014705882353, 47.05882352941177, 47.24264705882353] test: 1.519178313367507 46.13970588235294
client c0_17: data:2216 train: 2216 train: [1.8393979988236357, 1.6077141761779785, 1.4953266537707786, 1.3854081639345142, 1.2941918407661328] [29.66485507246377, 38.632246376811594, 42.98007246376812, 47.82608695652174, 51.268115942028984] val: [1.7227800733902876, 1.651386997278999, 1.6060763667611515, 1.6339424568064072, 1.5739271991393144] [33.27205882352941, 39.705882352941174, 43.93382352941177, 44.3014705882353, 45.77205882352941] test: 1.4297242515227373 48.529411764705884
client c0_6: data:2216 train: 2216 train: [1.8536175161168196, 1.6591075468754424, 1.4904419753862463, 1.3912384993788125, 1.261723676453466] [29.57427536231884, 36.86594202898551, 44.51992753623188, 49.04891304347826, 53.89492753623188] val: [1.7072178405873917, 1.6705208385691923, 1.581776310415829, 1.5425672320758594, 1.5742401305366964] [35.11029411764706, 37.86764705882353, 42.830882352941174, 45.220588235294116, 47.24264705882353] test: 1.4915945670183968 45.588235294117645
client c0_7: data:2216 train: 2216 train: [1.8898215052010356, 1.6383923896844836, 1.4608375386915344, 1.3570782395376675, 1.2706584835398025] [28.125, 37.5, 45.65217391304348, 48.505434782608695, 53.57789855072464] val: [1.7500065705355476, 1.5487568869310266, 1.5122328155180986, 1.4961320512435015, 1.4218784921309526] [32.904411764705884, 44.669117647058826, 45.955882352941174, 45.220588235294116, 48.161764705882355] test: 1.5462904537425322 45.77205882352941
client c0_10: data:2216 train: 2216 train: [1.8196670974510303, 1.5739997435307158, 1.4320051773734714, 1.3049207537070564, 1.2088159201801687] [30.932971014492754, 42.255434782608695, 46.60326086956522, 50.81521739130435, 55.66123188405797] val: [1.789440947420457, 1.6612984713386088, 1.584393122616936, 1.5388346349491793, 1.6576318039613611] [31.985294117647058, 39.88970588235294, 36.9485294117647, 44.11764705882353, 41.911764705882355] test: 1.511870265007019 47.05882352941177
cluster 0 node n1 {'test_loss': 1.6054496677258077, 'test_acc': 42.37780448717949} 
cluster 1 node n1 {'test_loss': 1.5205170065164566, 'test_acc': 44.4911858974359} 
cluster 2 node n1 {'test_loss': 1.5868112597710047, 'test_acc': 42.78846153846154} 
cluster 3 node n1 {'test_loss': 1.509856512149175, 'test_acc': 45.10216346153846} 
cluster 4 node n1 {'test_loss': 1.5623070609111052, 'test_acc': 45.88341346153846} 
cluster 5 node n1 {'test_loss': 1.514981902562655, 'test_acc': 45.72315705128205} 
flower aggregation {'test_loss': 1.6247895803207006, 'test_acc': 43.97035256410256} 
