client c0_1: data:2216 train: 2216 train: [2.174756307532822, 1.9641817773597827, 1.9354183172834092, 1.9306715208551157] [19.384057971014492, 28.034420289855074, 29.66485507246377, 29.66485507246377] val: [2.009825545198777, 1.9538615240770227, 1.9629962233936085, 1.9555515191134285] [24.816176470588236, 28.860294117647058, 28.49264705882353, 28.860294117647058] test: 1.9755744022481583 29.595588235294116
client c0_4: data:2216 train: 2216 train: [2.191159308820531, 1.9955536593561587, 1.9670648298401763, 1.9654833475748699] [18.568840579710145, 27.309782608695652, 27.581521739130434, 27.581521739130434] val: [2.037851670209099, 1.9882538318634033, 1.9900363964193009, 1.9918445909724516] [25.183823529411764, 26.470588235294116, 27.389705882352942, 26.654411764705884] test: 1.9627521248424755 26.28676470588235
client c0_5: data:2216 train: 2216 train: [2.1932320767554683, 1.9727928845778755, 1.9413079265235127, 1.9380082963169485, 1.9377347023590752] [18.02536231884058, 27.672101449275363, 28.759057971014492, 29.166666666666668, 29.21195652173913] val: [1.9980981770683737, 1.949700208271251, 1.9432629276724422, 1.9481182098388672, 1.9371899085886337] [26.470588235294116, 29.41176470588235, 29.41176470588235, 29.227941176470587, 29.227941176470587] test: 1.9353744492811316 30.88235294117647
client c0_2: data:2216 train: 2216 train: [2.1844142761783325, 1.9971617874891863, 1.9615922440653262, 1.958024731580762, 1.9581405926441802] [18.2518115942029, 27.264492753623188, 29.07608695652174, 28.668478260869566, 28.759057971014492] val: [2.0331393480300903, 1.9621990638620712, 1.9539979345658247, 1.9644555414424223, 1.9594669903025907] [25.183823529411764, 28.308823529411764, 28.49264705882353, 27.941176470588236, 28.125] test: 2.0243956762201645 28.676470588235293
client c0_3: data:2216 train: 2216 train: [2.169035427812217, 1.9272755108017852, 1.8840486761452495, 1.8811229847479558, 1.8804242956465569] [17.889492753623188, 29.846014492753625, 31.52173913043478, 32.01992753623188, 31.929347826086957] val: [2.013772452578825, 1.8974225801580094, 1.8851518210242777, 1.8907876014709473, 1.8886517636916216] [24.816176470588236, 31.066176470588236, 30.514705882352942, 30.514705882352942, 30.147058823529413] test: 1.9060829386991613 28.49264705882353
client c0_6: data:2216 train: 2216 train: [2.1924358502678247, 1.9967906941538272, 1.9647101388461348, 1.9631225561750107, 1.9630243052606997] [17.391304347826086, 28.306159420289855, 29.66485507246377, 29.66485507246377, 29.66485507246377] val: [2.033059597015381, 1.983756324824165, 1.977366328239441, 1.9819225353353165, 1.9875444524428423] [23.897058823529413, 26.102941176470587, 26.102941176470587, 26.102941176470587, 25.735294117647058] test: 1.9713203275904936 31.25
cluster 0 node n1 {'test_loss': 2.004024473520426, 'test_acc': 28.81610576923077} 
cluster 1 node n1 {'test_loss': 2.029870091722562, 'test_acc': 29.50721153846154} 
flower aggregation {'test_loss': 2.0269774255844264, 'test_acc': 28.876201923076923} 
client c0_3: data:2216 train: 2216 train: [1.9267064177471658, 1.8008841967237168, 1.7574856540431147, 1.7556980537331623, 1.7527633197065713] [29.483695652173914, 33.69565217391305, 35.59782608695652, 35.733695652173914, 35.68840579710145] val: [1.960081934928894, 1.7856765985488892, 1.7817360092611874, 1.7825146562912886, 1.782336291144876] [26.102941176470587, 35.661764705882355, 36.213235294117645, 36.029411764705884, 36.029411764705884] test: 1.8155211350497078 31.801470588235293
client c0_5: data:2216 train: 2216 train: [1.9591640527697578, 1.8302773219951685, 1.7987242125082707, 1.7951590323793716, 1.7932719113170237] [27.6268115942029, 31.97463768115942, 34.28442028985507, 34.51086956521739, 34.46557971014493] val: [1.859465150272145, 1.8004727714201982, 1.8053530314389397, 1.7979947609059952, 1.8015861370984245] [31.25, 35.845588235294116, 34.9264705882353, 35.47794117647059, 35.47794117647059] test: 1.800552164807039 33.088235294117645
client c0_4: data:2216 train: 2216 train: [2.026338708573493, 1.8933622681576272, 1.8649168066356494, 1.8614749338315881, 1.8613537187161653] [26.132246376811594, 30.434782608695652, 32.01992753623188, 31.838768115942027, 31.838768115942027] val: [1.9589642987531775, 1.8667414819493013, 1.8624758369782393, 1.8578654527664185, 1.855226152083453] [30.698529411764707, 32.904411764705884, 33.63970588235294, 33.455882352941174, 33.8235294117647] test: 1.844271323260139 32.35294117647059
client c0_2: data:2216 train: 2216 train: [1.9885950641355652, 1.8493854705838189, 1.826014356336732, 1.8231384425923445, 1.821886796882187] [27.445652173913043, 33.3786231884058, 34.78260869565217, 34.69202898550725, 34.55615942028985] val: [1.8456777614705704, 1.79821198126849, 1.7894967724295223, 1.7927938769845402, 1.7983251108842737] [31.433823529411764, 32.720588235294116, 32.536764705882355, 32.720588235294116, 32.169117647058826] test: 1.8437254919725306 36.39705882352941
client c0_6: data:2216 train: 2216 train: [1.9907360318778218, 1.8705047628153926, 1.8329939151155776, 1.8306647988333218, 1.830118623332701] [26.67572463768116, 32.427536231884055, 34.28442028985507, 34.01268115942029, 34.28442028985507] val: [1.9145018844043507, 1.8461441923590267, 1.8460180619183708, 1.8346238767399508, 1.839797019958496] [27.941176470588236, 31.61764705882353, 31.433823529411764, 31.985294117647058, 31.433823529411764] test: 1.8411640279433306 34.375
client c0_1: data:2216 train: 2216 train: [1.9521164928657422, 1.811363735060761, 1.784469685692718, 1.7788373992062998, 1.7790417792140574] [28.39673913043478, 34.19384057971015, 36.18659420289855, 35.733695652173914, 35.68840579710145] val: [1.85407372081981, 1.770440564436071, 1.76615388954387, 1.7714415017296286, 1.7671347786398495] [32.35294117647059, 37.86764705882353, 37.31617647058823, 36.9485294117647, 36.9485294117647] test: 1.8366516267552095 33.63970588235294
cluster 0 node n1 {'test_loss': 1.8254195360036998, 'test_acc': 33.59375} 
cluster 1 node n1 {'test_loss': 1.829861302788441, 'test_acc': 33.74399038461539} 
flower aggregation {'test_loss': 1.826744781090663, 'test_acc': 34.01442307692308} 
client c0_6: data:2216 train: 2216 train: [1.8749911145887512, 1.753829218339229, 1.729833559713502, 1.7267721044844475] [31.567028985507246, 36.458333333333336, 37.54528985507246, 37.72644927536232] val: [1.8145927120657528, 1.7425232354332418, 1.7504449521794039, 1.7465609662673052] [31.61764705882353, 35.47794117647059, 35.845588235294116, 36.029411764705884] test: 1.7409936750636381 38.23529411764706
client c0_4: data:2216 train: 2216 train: [1.8810509132302327, 1.769653118175009, 1.731789017069167, 1.73098227424898, 1.7298852412596992] [30.434782608695652, 35.32608695652174, 36.68478260869565, 36.68478260869565, 36.73007246376812] val: [1.8244348834542667, 1.712752706864301, 1.7055590994217817, 1.702609377748826, 1.713812884162454] [33.455882352941174, 38.60294117647059, 38.970588235294116, 38.786764705882355, 38.786764705882355] test: 1.6970525979995728 38.970588235294116
client c0_2: data:2216 train: 2216 train: [1.8716319782146509, 1.7291999398798183, 1.7099102113557898, 1.706176343171493, 1.7055680147115735] [33.016304347826086, 37.04710144927536, 38.4963768115942, 38.72282608695652, 38.858695652173914] val: [1.7088318081463085, 1.6754002360736622, 1.6695076297311222, 1.6730301941142363, 1.6819696566637825] [34.375, 35.47794117647059, 36.029411764705884, 35.845588235294116, 35.11029411764706] test: 1.7444885408177095 38.60294117647059
client c0_1: data:2216 train: 2216 train: [1.823196088058361, 1.695541032846423, 1.6756009796391362, 1.6720720322235771, 1.6711294564647952] [33.333333333333336, 37.54528985507246, 39.085144927536234, 39.085144927536234, 39.266304347826086] val: [1.7041820427950691, 1.6807705935309916, 1.6745997036204618, 1.67778181328493, 1.6809291278614718] [38.60294117647059, 39.705882352941174, 40.80882352941177, 40.0735294117647, 40.625] test: 1.7499505281448364 35.294117647058826
client c0_3: data:2216 train: 2216 train: [1.8250304166821465, 1.697211666383605, 1.6680813181227532, 1.6640468162039053, 1.6632995968279631] [33.06159420289855, 37.09239130434783, 38.768115942028984, 38.94927536231884, 38.94927536231884] val: [1.7792551166871016, 1.713413434870103, 1.7057379063437967, 1.7022277747883516, 1.7085593518088846] [34.375, 37.68382352941177, 38.786764705882355, 38.419117647058826, 37.86764705882353] test: 1.7480477585512049 33.455882352941174
client c0_5: data:2216 train: 2216 train: [1.8575854301452637, 1.736423789591029, 1.7131239745927893, 1.7118978431259377, 1.7106856090435083] [30.29891304347826, 36.63949275362319, 37.59057971014493, 37.81702898550725, 37.90760869565217] val: [1.7702415340086992, 1.7344632569481344, 1.7138151491389555, 1.720827109673444, 1.71154925402473] [35.845588235294116, 36.39705882352941, 37.68382352941177, 37.68382352941177, 37.86764705882353] test: 1.7268684471354765 36.213235294117645
cluster 0 node n1 {'test_loss': 1.7288705981694734, 'test_acc': 36.98918269230769} 
cluster 1 node n1 {'test_loss': 1.7267018075172718, 'test_acc': 37.56009615384615} 
flower aggregation {'test_loss': 1.7254212613289173, 'test_acc': 37.34975961538461} 
client c0_6: data:2216 train: 2216 train: [1.7889693629914436, 1.6850704179293867, 1.6503322435461956, 1.6454999567805857] [34.46557971014493, 38.858695652173914, 40.71557971014493, 40.57971014492754] val: [1.775050492847667, 1.678064970409169, 1.6826799617094153, 1.684973204837126] [33.27205882352941, 38.0514705882353, 38.60294117647059, 38.23529411764706] test: 1.6514146959080416 42.095588235294116
client c0_4: data:2216 train: 2216 train: [1.8014779643736023, 1.684913536776667, 1.6580787171488223, 1.6543203454086746] [33.96739130434783, 38.58695652173913, 39.53804347826087, 39.492753623188406] val: [1.6975177175858442, 1.640072310672087, 1.641940572682549, 1.64332493613748] [38.0514705882353, 40.0735294117647, 40.44117647058823, 39.88970588235294] test: 1.617259467349333 41.544117647058826
client c0_1: data:2216 train: 2216 train: [1.7566716878310493, 1.6362750201985456, 1.6158574024836223, 1.6134389068769373, 1.610559746838998] [34.96376811594203, 40.625, 40.71557971014493, 41.25905797101449, 41.34963768115942] val: [1.6480416550355799, 1.628866988069871, 1.616209254545324, 1.621583055047428, 1.620122474782607] [38.60294117647059, 40.0735294117647, 41.36029411764706, 40.99264705882353, 41.1764705882353] test: 1.6874190288431503 36.580882352941174
client c0_5: data:2216 train: 2216 train: [1.7703032009843467, 1.6496393110441125, 1.6346306852672412, 1.630355966263923, 1.6294305566428364] [34.05797101449275, 40.08152173913044, 41.03260869565217, 40.85144927536232, 40.89673913043478] val: [1.6801586712107939, 1.6456049049601835, 1.6509553404415356, 1.6400096416473389, 1.6493235475876753] [39.338235294117645, 40.80882352941177, 39.88970588235294, 40.625, 39.705882352941174] test: 1.6746925536323995 38.786764705882355
client c0_2: data:2216 train: 2216 train: [1.7934517618538677, 1.6740279646887295, 1.6354675120201663, 1.63670998207037, 1.6344167667886484] [34.55615942028985, 39.53804347826087, 40.67028985507246, 40.48913043478261, 40.625] val: [1.7115516522351433, 1.6192608580869787, 1.6218724952024572, 1.6140477236579447, 1.6188959444270414] [36.39705882352941, 40.80882352941177, 40.625, 40.99264705882353, 40.80882352941177] test: 1.692516747642966 38.970588235294116
client c0_3: data:2216 train: 2216 train: [1.7504287111586418, 1.638622092164081, 1.6072703271672346, 1.6011261784512063, 1.6014305318611255] [34.32971014492754, 39.447463768115945, 40.80615942028985, 41.07789855072464, 40.94202898550725] val: [1.6933899837381698, 1.6407779946046717, 1.6407261525883394, 1.6396269798278809, 1.6433461974648869] [37.5, 41.544117647058826, 41.36029411764706, 40.99264705882353, 40.99264705882353] test: 1.6902712373172535 36.029411764705884
cluster 0 node n1 {'test_loss': 1.6597354584015334, 'test_acc': 38.91225961538461} 
cluster 1 node n1 {'test_loss': 1.6654160343683684, 'test_acc': 39.21274038461539} 
flower aggregation {'test_loss': 1.660091472359804, 'test_acc': 39.18269230769231} 
client c0_6: data:2216 train: 2216 train: [1.727340364801711, 1.6096513133118118, 1.5869086427965027, 1.585083814634793] [37.31884057971015, 41.25905797101449, 42.7536231884058, 42.391304347826086] val: [1.6694855549756218, 1.6359483704847448, 1.6378517080755794, 1.6465385661405676] [40.0735294117647, 40.0735294117647, 40.25735294117647, 39.88970588235294] test: 1.6055761295206405 44.669117647058826
client c0_1: data:2216 train: 2216 train: [1.7117048588351926, 1.5875652855721072, 1.560764748117198, 1.5569375839786253] [36.86594202898551, 41.21376811594203, 43.43297101449275, 43.52355072463768] val: [1.6365729710635017, 1.5791476684458114, 1.5850277367760153, 1.59028441064498] [38.60294117647059, 41.1764705882353, 40.99264705882353, 40.44117647058823] test: 1.6473515033721924 38.0514705882353
client c0_4: data:2216 train: 2216 train: [1.7689216292422751, 1.6345645223838696, 1.6155231655507847, 1.614589784456336, 1.6139476247455762] [35.23550724637681, 39.90036231884058, 40.80615942028985, 40.80615942028985, 40.67028985507246] val: [1.6613583775127636, 1.5958127765094532, 1.5982999310773962, 1.5924391115412992, 1.594482751453624] [41.72794117647059, 43.38235294117647, 43.1985294117647, 43.56617647058823, 43.75] test: 1.5771001296884872 41.1764705882353
client c0_5: data:2216 train: 2216 train: [1.7065127569696177, 1.6141160916591035, 1.57692227329033, 1.5759913454885068, 1.5739026587942373] [37.45471014492754, 40.94202898550725, 42.481884057971016, 42.255434782608695, 42.391304347826086] val: [1.6896020103903377, 1.5945506166009342, 1.5984543281442978, 1.5827060306773466, 1.5787513045703663] [38.60294117647059, 42.830882352941174, 42.830882352941174, 43.56617647058823, 43.38235294117647] test: 1.6365110944299137 39.52205882352941
client c0_2: data:2216 train: 2216 train: [1.705531913301219, 1.5895971647207288, 1.572096534397291, 1.5660648449607517, 1.5646368576132732] [37.86231884057971, 42.255434782608695, 42.79891304347826, 42.93478260869565, 42.98007246376812] val: [1.5854295702541576, 1.5692800213308895, 1.5681990946040434, 1.5642826487036312, 1.5646974339204676] [40.99264705882353, 42.830882352941174, 42.463235294117645, 42.463235294117645, 42.64705882352941] test: 1.6400095715242273 39.52205882352941
client c0_3: data:2216 train: 2216 train: [1.695390855056652, 1.5694966160732766, 1.5431285267290862, 1.5402770353400188, 1.5395119311153025] [37.22826086956522, 41.71195652173913, 42.572463768115945, 42.572463768115945, 42.617753623188406] val: [1.650595272288603, 1.6130911392324112, 1.6024691637824564, 1.599138337023118, 1.5939938881817985] [38.60294117647059, 43.56617647058823, 44.11764705882353, 44.669117647058826, 44.48529411764706] test: 1.6414851300856645 38.786764705882355
cluster 0 node n1 {'test_loss': 1.6194146195283303, 'test_acc': 40.95552884615385} 
cluster 1 node n1 {'test_loss': 1.6116767594447503, 'test_acc': 41.28605769230769} 
flower aggregation {'test_loss': 1.6122192591428757, 'test_acc': 40.98557692307692} 
client c0_1: data:2216 train: 2216 train: [1.6536216977713765, 1.5312186652335569, 1.5097866334776948, 1.5064817286919856] [38.81340579710145, 44.15760869565217, 45.42572463768116, 45.335144927536234] val: [1.5659686116611256, 1.540318152483772, 1.5514803704093485, 1.5469016187331255] [43.93382352941177, 43.1985294117647, 42.279411764705884, 42.64705882352941] test: 1.6106452240663416 40.25735294117647
client c0_4: data:2216 train: 2216 train: [1.7209482175716455, 1.6072883692340574, 1.573521424030912, 1.569893050884855] [38.08876811594203, 41.30434782608695, 42.52717391304348, 42.844202898550726] val: [1.6245544657987707, 1.56720629159142, 1.5673947965397554, 1.576775361509884] [42.463235294117645, 44.3014705882353, 44.669117647058826, 44.11764705882353] test: 1.5528888211530798 42.463235294117645
client c0_3: data:2216 train: 2216 train: [1.651211610738782, 1.535296766654305, 1.5101691138917122, 1.5074839436489602, 1.506938680358555] [39.266304347826086, 44.20289855072464, 44.56521739130435, 44.56521739130435, 44.51992753623188] val: [1.6011744877871346, 1.558618510470671, 1.5513000348035026, 1.5474911156822653, 1.5508088925305534] [41.72794117647059, 45.77205882352941, 45.77205882352941, 45.588235294117645, 45.588235294117645] test: 1.6090134452371037 40.44117647058823
client c0_2: data:2216 train: 2216 train: [1.6641759457795515, 1.5641096277513367, 1.5314400489779487, 1.5293375253677368, 1.5271338587221892] [39.40217391304348, 44.20289855072464, 45.42572463768116, 45.380434782608695, 45.42572463768116] val: [1.6339626522625195, 1.5639386597801657, 1.546217161066392, 1.552684138802921, 1.5566681342966415] [40.625, 43.1985294117647, 43.93382352941177, 43.1985294117647, 43.1985294117647] test: 1.6035231351852417 41.544117647058826
client c0_5: data:2216 train: 2216 train: [1.6809437205826028, 1.5683570132739302, 1.5334745075391687, 1.5313236074171204, 1.5301209619079812] [37.95289855072464, 43.43297101449275, 44.47463768115942, 44.7463768115942, 44.7463768115942] val: [1.6425975561141968, 1.5471066096249748, 1.5432677900089937, 1.547402164515327, 1.5406129780937643] [39.88970588235294, 44.3014705882353, 44.3014705882353, 44.3014705882353, 44.85294117647059] test: 1.60192291876849 42.463235294117645
client c0_6: data:2216 train: 2216 train: [1.6865018122438071, 1.5831935526668162, 1.5477384881696838, 1.544590345327405, 1.543538831282353] [38.45108695652174, 41.802536231884055, 42.66304347826087, 42.79891304347826, 42.79891304347826] val: [1.670929516063017, 1.6167014486649458, 1.613138149766361, 1.6083562724730547, 1.6067441912258373] [36.9485294117647, 41.1764705882353, 40.625, 40.625, 40.44117647058823] test: 1.5661669969558716 45.77205882352941
cluster 0 node n1 {'test_loss': 1.5874575124337122, 'test_acc': 41.73677884615385} 
cluster 1 node n1 {'test_loss': 1.5811917564043632, 'test_acc': 42.45793269230769} 
flower aggregation {'test_loss': 1.5812466671833625, 'test_acc': 42.12740384615385} 
client c0_5: data:2216 train: 2216 train: [1.62882177380548, 1.517606522725976, 1.4963931208071501, 1.4909623152967812] [41.34963768115942, 45.06340579710145, 46.92028985507246, 47.19202898550725] val: [1.5505392972160787, 1.5143122182172888, 1.5207116323358871, 1.5190186290179981] [44.85294117647059, 46.3235294117647, 46.13970588235294, 46.13970588235294] test: 1.576595334445729 42.279411764705884
client c0_1: data:2216 train: 2216 train: [1.6198921048122903, 1.5030426270719888, 1.4768770466680112, 1.474774137787197] [41.666666666666664, 45.06340579710145, 46.42210144927536, 46.64855072463768] val: [1.5456922334783219, 1.5295580415164722, 1.540983466541066, 1.531718141892377] [41.544117647058826, 43.1985294117647, 42.463235294117645, 42.830882352941174] test: 1.5862612654181087 41.544117647058826
client c0_4: data:2216 train: 2216 train: [1.6734323898951213, 1.559311236160389, 1.5287152027738267, 1.5256970084231833] [37.22826086956522, 43.2518115942029, 44.61050724637681, 44.42934782608695] val: [1.5954390904482674, 1.5175709373810713, 1.522757838754093, 1.5298726628808414] [42.463235294117645, 46.50735294117647, 45.955882352941174, 45.77205882352941] test: 1.5238458338905783 46.3235294117647
client c0_6: data:2216 train: 2216 train: [1.6595721624899602, 1.5318101730899534, 1.5064203307248545, 1.5037162891332654, 1.504288333049719] [40.1268115942029, 45.018115942028984, 45.42572463768116, 45.289855072463766, 45.19927536231884] val: [1.64537117060493, 1.601288171375499, 1.5943522944169886, 1.5980354687746834, 1.5947036883410286] [42.64705882352941, 42.279411764705884, 43.01470588235294, 42.64705882352941, 42.64705882352941] test: 1.5284127698225134 46.3235294117647
client c0_2: data:2216 train: 2216 train: [1.628043001976566, 1.5123366497565007, 1.4810729251391646, 1.4783760516539863, 1.478929901468581] [41.03260869565217, 45.833333333333336, 47.780797101449274, 48.18840579710145, 48.09782608695652] val: [1.579165304408354, 1.5422806178822237, 1.5296651124954224, 1.53947413668913, 1.5386885755202349] [41.544117647058826, 44.48529411764706, 44.85294117647059, 44.669117647058826, 45.036764705882355] test: 1.573592690860524 42.463235294117645
client c0_3: data:2216 train: 2216 train: [1.6055238989816196, 1.4932628420815952, 1.4651668175407078, 1.4630263905594314, 1.460910325464995] [40.39855072463768, 44.882246376811594, 46.19565217391305, 46.15036231884058, 46.33152173913044] val: [1.5913953079896814, 1.5111116872114294, 1.5119632482528687, 1.491178786053377, 1.5080718713648178] [42.279411764705884, 46.875, 46.875, 47.97794117647059, 47.4264705882353] test: 1.5926393761354334 39.705882352941174
cluster 0 node n1 {'test_loss': 1.5552320812757199, 'test_acc': 43.75} 
cluster 1 node n1 {'test_loss': 1.5492911831690714, 'test_acc': 43.56971153846154} 
flower aggregation {'test_loss': 1.5494791773649363, 'test_acc': 43.75} 
client c0_5: data:2216 train: 2216 train: [1.6177449623743694, 1.48080022957014, 1.4594580021457395, 1.4562296141748843, 1.4553282761919326] [39.76449275362319, 46.64855072463768, 47.73550724637681, 47.916666666666664, 47.96195652173913] val: [1.5240049221936394, 1.5044730480979471, 1.4906150383107803, 1.5002817546620089, 1.497157889253953] [44.85294117647059, 44.85294117647059, 46.13970588235294, 45.955882352941174, 46.13970588235294] test: 1.5645650484982658 41.36029411764706
client c0_4: data:2216 train: 2216 train: [1.6415419371231743, 1.52141961671304, 1.494714161624079, 1.490539766740108, 1.4901361690051314] [40.21739130434783, 45.606884057971016, 45.42572463768116, 45.697463768115945, 45.606884057971016] val: [1.5462282194810755, 1.4969255854101742, 1.4921328811084522, 1.4939048360375797, 1.4912039953119614] [45.955882352941174, 47.4264705882353, 48.345588235294116, 47.794117647058826, 47.97794117647059] test: 1.4955548819373636 45.77205882352941
client c0_3: data:2216 train: 2216 train: [1.5693555966667507, 1.4550436303235483, 1.4322759535001672, 1.4285351780877598, 1.4309070369471675] [41.57608695652174, 47.32789855072464, 47.3731884057971, 47.3731884057971, 47.19202898550725] val: [1.5090045438093298, 1.4785760009990019, 1.4741462539224064, 1.481345352004556, 1.4831315980238073] [44.3014705882353, 46.50735294117647, 46.3235294117647, 46.50735294117647, 45.955882352941174] test: 1.5645501543493832 40.625
client c0_6: data:2216 train: 2216 train: [1.614465848259304, 1.5009689866632656, 1.4695934990177983, 1.4697723025860994, 1.4665301813595537] [41.25905797101449, 45.19927536231884, 46.10507246376812, 46.01449275362319, 46.10507246376812] val: [1.6190351598403032, 1.5533755035961376, 1.566010461134069, 1.5528083408580107, 1.5666782855987549] [39.88970588235294, 43.75, 44.669117647058826, 45.220588235294116, 44.48529411764706] test: 1.4863917056251974 46.69117647058823
client c0_2: data:2216 train: 2216 train: [1.6030300302781921, 1.503147840499878, 1.457965310069098, 1.4548773523690044, 1.4549387002336807] [41.757246376811594, 46.51268115942029, 48.09782608695652, 48.505434782608695, 48.55072463768116] val: [1.6569418837042416, 1.525907691787271, 1.5250324712080114, 1.5156402447644401, 1.5230410589891321] [38.970588235294116, 44.3014705882353, 44.669117647058826, 45.036764705882355, 44.85294117647059] test: 1.5538280220592724 44.669117647058826
client c0_1: data:2216 train: 2216 train: [1.5710754100827202, 1.4647602413011633, 1.435627691987632, 1.4305621420127759, 1.4302803381629612] [42.98007246376812, 46.73913043478261, 48.233695652173914, 48.822463768115945, 48.77717391304348] val: [1.571919420186211, 1.510923939592698, 1.5060432868845322, 1.5008542467566097, 1.4938693607554716] [40.80882352941177, 45.220588235294116, 45.036764705882355, 45.036764705882355, 45.404411764705884] test: 1.5451233246747185 43.93382352941177
cluster 0 node n1 {'test_loss': 1.5260455872003849, 'test_acc': 44.53125} 
cluster 1 node n1 {'test_loss': 1.524955615401268, 'test_acc': 44.83173076923077} 
flower aggregation {'test_loss': 1.5223184319642873, 'test_acc': 45.04206730769231} 
client c0_3: data:2216 train: 2216 train: [1.5440920176713362, 1.415954968203669, 1.3999392467996348, 1.397551621215931, 1.3960128936214724] [41.57608695652174, 48.143115942028984, 48.68659420289855, 48.233695652173914, 48.460144927536234] val: [1.479347586631775, 1.4476520524305456, 1.4499430936925553, 1.4336168695898617, 1.4554696924546187] [47.4264705882353, 47.61029411764706, 47.61029411764706, 48.161764705882355, 47.4264705882353] test: 1.5355396060382618 41.911764705882355
client c0_6: data:2216 train: 2216 train: [1.5801182035086812, 1.4646835206211477, 1.4361770688623623, 1.43267696145652, 1.4331512192021245] [43.29710144927536, 47.59963768115942, 47.8713768115942, 48.052536231884055, 48.09782608695652] val: [1.598641556852004, 1.5434679003322826, 1.5429449011297787, 1.5368879121892594, 1.5407083174761604] [41.72794117647059, 45.220588235294116, 44.48529411764706, 44.48529411764706, 44.669117647058826] test: 1.4741343400057625 47.794117647058826
client c0_1: data:2216 train: 2216 train: [1.5575941541920537, 1.4390935033991716, 1.4063981201337732, 1.4038712071335835, 1.404332361359527] [43.11594202898551, 47.916666666666664, 49.18478260869565, 49.5018115942029, 49.54710144927536] val: [1.5114602271248312, 1.4820357140372782, 1.4795289109734928, 1.4915684251224293, 1.4811565735760857] [45.955882352941174, 46.3235294117647, 45.588235294117645, 45.404411764705884, 46.13970588235294] test: 1.533962691531462 43.56617647058823
client c0_5: data:2216 train: 2216 train: [1.572086781695269, 1.4495774697566377, 1.4195699933646382, 1.4175008120744124, 1.4193236689636672] [42.52717391304348, 47.916666666666664, 49.04891304347826, 49.094202898550726, 49.04891304347826] val: [1.5025374538758223, 1.4656396052416634, 1.4550557767643648, 1.456238396027509, 1.4568371211781221] [47.61029411764706, 47.4264705882353, 48.161764705882355, 47.97794117647059, 47.24264705882353] test: 1.5249957407222074 44.3014705882353
client c0_4: data:2216 train: 2216 train: [1.6301518246747446, 1.4970266317975693, 1.4659654575845469, 1.4583917130594668, 1.4631160601325657] [41.07789855072464, 46.10507246376812, 47.01086956521739, 47.14673913043478, 46.92028985507246] val: [1.5285964643254, 1.4788067691466387, 1.4620957164203419, 1.461042747778051, 1.4650326195885153] [45.588235294117645, 47.05882352941177, 48.529411764705884, 48.529411764705884, 48.161764705882355] test: 1.473893586327048 47.794117647058826
client c0_2: data:2216 train: 2216 train: [1.5788472994514133, 1.448267228361489, 1.4230245680048845, 1.4190026556236157, 1.418375293413798] [43.70471014492754, 48.09782608695652, 49.72826086956522, 49.41123188405797, 49.54710144927536] val: [1.5041330632041483, 1.4925666486515718, 1.4909796294044046, 1.4854752526563757, 1.4885133084128885] [45.955882352941174, 45.77205882352941, 45.77205882352941, 45.77205882352941, 46.13970588235294] test: 1.5269231936510872 47.97794117647059
cluster 0 node n1 {'test_loss': 1.5001695947005198, 'test_acc': 45.55288461538461} 
cluster 1 node n1 {'test_loss': 1.4986418646115522, 'test_acc': 46.06370192307692} 
flower aggregation {'test_loss': 1.495509154521502, 'test_acc': 46.15384615384615} 
client c0_3: data:2216 train: 2216 train: [1.529615638912588, 1.405647283015044, 1.3789739297783894, 1.373273465944373, 1.372502781342769] [43.52355072463768, 48.505434782608695, 49.77355072463768, 50.0, 50.13586956521739] val: [1.4804113822824814, 1.4464637391707476, 1.4337685669169706, 1.436540961265564, 1.428225271842059] [45.036764705882355, 47.4264705882353, 48.345588235294116, 47.794117647058826, 48.345588235294116] test: 1.5029814664055319 42.64705882352941
client c0_1: data:2216 train: 2216 train: [1.5222745701886606, 1.399142180663952, 1.376844680827597, 1.373944235884625, 1.3733898539474045] [44.70108695652174, 49.95471014492754, 50.76992753623188, 50.72463768115942, 50.76992753623188] val: [1.4675799748476814, 1.4512372718137854, 1.4477129122790169, 1.4550933487275068, 1.4537350991192985] [45.036764705882355, 47.4264705882353, 47.05882352941177, 47.05882352941177, 47.24264705882353] test: 1.5048339577282177 44.3014705882353
client c0_6: data:2216 train: 2216 train: [1.57087853162185, 1.436830076618471, 1.409080349880716, 1.4078947512999824, 1.4084074471307837] [41.893115942028984, 48.09782608695652, 49.18478260869565, 49.13949275362319, 49.18478260869565] val: [1.5413564233218922, 1.5413368870230282, 1.5287793313755709, 1.5364858122432934, 1.5384021787082447] [45.220588235294116, 44.85294117647059, 44.85294117647059, 44.85294117647059, 44.669117647058826] test: 1.4565995300517363 47.794117647058826
client c0_4: data:2216 train: 2216 train: [1.5809097860170447, 1.4702948867410854, 1.4311230078987454, 1.423323154449463, 1.4232686464337334] [42.617753623188406, 47.19202898550725, 48.460144927536234, 48.641304347826086, 48.68659420289855] val: [1.591042027753942, 1.4459367639878218, 1.429626366671394, 1.4426323175430298, 1.4425439834594727] [43.1985294117647, 47.24264705882353, 48.345588235294116, 47.794117647058826, 47.24264705882353] test: 1.4593026848400341 48.89705882352941
client c0_2: data:2216 train: 2216 train: [1.5516994586889294, 1.415901605633722, 1.3879352721615115, 1.3856686958368274, 1.3829634897950767] [43.97644927536232, 50.22644927536232, 50.76992753623188, 50.86050724637681, 51.08695652173913] val: [1.5314349076327156, 1.4897662611568676, 1.488133009742288, 1.4896488680559046, 1.4866065347895903] [44.85294117647059, 44.11764705882353, 45.220588235294116, 45.404411764705884, 45.036764705882355] test: 1.5028214735143326 46.3235294117647
client c0_5: data:2216 train: 2216 train: [1.5409282843271892, 1.413027853205584, 1.3887253844219705, 1.385541179905767, 1.3859996398289998] [43.70471014492754, 48.278985507246375, 49.90942028985507, 50.04528985507246, 50.0] val: [1.489630615009981, 1.4477168111240162, 1.4456310482586132, 1.4446948275846594, 1.4372902021688574] [45.77205882352941, 46.875, 46.3235294117647, 46.13970588235294, 46.50735294117647] test: 1.5134699484881233 45.404411764705884
cluster 0 node n1 {'test_loss': 1.4796683146403387, 'test_acc': 46.27403846153846} 
cluster 1 node n1 {'test_loss': 1.47790232530007, 'test_acc': 47.02524038461539} 
flower aggregation {'test_loss': 1.4749459899388826, 'test_acc': 47.08533653846154} 
client c0_4: data:2216 train: 2216 train: [1.5515716853349104, 1.4316428148228189, 1.399523085442142, 1.3956224486447764] [43.52355072463768, 48.052536231884055, 48.77717391304348, 49.0036231884058] val: [1.493533961913165, 1.4368264464771046, 1.4542780062731575, 1.4387966394424438] [44.3014705882353, 48.345588235294116, 47.794117647058826, 48.89705882352941] test: 1.459682541735032 48.345588235294116
client c0_6: data:2216 train: 2216 train: [1.5383469885674075, 1.4038796010224714, 1.3814202564350073, 1.3790901087332463] [43.61413043478261, 49.86413043478261, 50.31702898550725, 50.4981884057971] val: [1.5493634939193726, 1.503979619811563, 1.5095967895844404, 1.5227843172409956] [45.955882352941174, 45.955882352941174, 46.69117647058823, 46.13970588235294] test: 1.4434351850958431 49.080882352941174
client c0_5: data:2216 train: 2216 train: [1.5154289473658022, 1.3841515865878782, 1.359954873720805, 1.3553040148555369, 1.356099412061166] [45.742753623188406, 50.76992753623188, 52.17391304347826, 51.992753623188406, 52.083333333333336] val: [1.4374720769770004, 1.4353774996364819, 1.4294863167931051, 1.4295775890350342, 1.4313053804285385] [49.26470588235294, 47.794117647058826, 47.61029411764706, 47.4264705882353, 47.4264705882353] test: 1.4976716111688053 45.588235294117645
client c0_3: data:2216 train: 2216 train: [1.5005608762519946, 1.3702963728835618, 1.345635297505752, 1.3428593053334001, 1.3421167636263198] [44.11231884057971, 49.63768115942029, 51.132246376811594, 51.22282608695652, 51.177536231884055] val: [1.4577439252068014, 1.4019224082722384, 1.4049902663511389, 1.3967936459709616, 1.3876091417144327] [45.77205882352941, 49.4485294117647, 48.89705882352941, 49.63235294117647, 49.81617647058823] test: 1.4990502876393936 42.830882352941174
client c0_1: data:2216 train: 2216 train: [1.5114030198774475, 1.372631325237993, 1.3459783481514973, 1.3434551004050435, 1.3428518927615622] [44.2481884057971, 49.72826086956522, 50.81521739130435, 51.041666666666664, 51.041666666666664] val: [1.483265287735883, 1.4485335209790398, 1.4420338588602402, 1.4481916567858528, 1.4446909217273487] [45.955882352941174, 47.4264705882353, 47.794117647058826, 47.794117647058826, 47.4264705882353] test: 1.471841342308942 46.69117647058823
client c0_2: data:2216 train: 2216 train: [1.5206712346146072, 1.380713082742, 1.355739080387613, 1.3560255264890366, 1.3540984167568926] [44.83695652173913, 50.54347826086956, 51.31340579710145, 51.44927536231884, 51.494565217391305] val: [1.4908858818166397, 1.4619142658570234, 1.460528296582839, 1.4631124945247875, 1.4582270664327286] [47.97794117647059, 47.24264705882353, 47.24264705882353, 47.4264705882353, 46.875] test: 1.4734015184290268 49.4485294117647
cluster 0 node n1 {'test_loss': 1.4649060735335717, 'test_acc': 47.20552884615385} 
cluster 1 node n1 {'test_loss': 1.460880731160824, 'test_acc': 47.38581730769231} 
flower aggregation {'test_loss': 1.4585037202789233, 'test_acc': 47.47596153846154} 
client c0_5: data:2216 train: 2216 train: [1.4869446529858354, 1.3705734964730083, 1.3391811536706013, 1.3346038884010867] [45.42572463768116, 51.177536231884055, 52.6268115942029, 52.49094202898551] val: [1.4429651428671444, 1.4117705120759851, 1.41260607102338, 1.419702361611759] [47.05882352941177, 50.18382352941177, 49.63235294117647, 48.89705882352941] test: 1.5008770297555363 44.85294117647059
client c0_4: data:2216 train: 2216 train: [1.5213435369989146, 1.399589863376341, 1.3665395577748616, 1.3648233301397683] [44.29347826086956, 48.91304347826087, 50.36231884057971, 50.36231884057971] val: [1.4527085178038652, 1.3945470277000875, 1.398588362862082, 1.3976905135547413] [48.161764705882355, 50.36764705882353, 50.0, 50.0] test: 1.4357196863959818 49.63235294117647
client c0_6: data:2216 train: 2216 train: [1.5196333121562349, 1.3893617737120476, 1.3596167737159177, 1.3575567905453667, 1.354121006053427] [44.791666666666664, 50.13586956521739, 51.177536231884055, 51.44927536231884, 51.494565217391305] val: [1.5166114568710327, 1.4940026437535006, 1.4917619298486149, 1.4929187648436602, 1.4939634309095495] [45.220588235294116, 46.875, 46.69117647058823, 46.875, 46.875] test: 1.4233578092911665 50.36764705882353
client c0_2: data:2216 train: 2216 train: [1.5045842865239019, 1.3693313875060151, 1.3389889088229856, 1.3365866619607676, 1.334449923556784] [46.3768115942029, 51.31340579710145, 52.03804347826087, 51.992753623188406, 52.219202898550726] val: [1.4852983390583712, 1.4580954313278198, 1.4526704058927649, 1.4501863928402172, 1.4530873859629911] [48.345588235294116, 47.794117647058826, 48.713235294117645, 49.26470588235294, 48.89705882352941] test: 1.4477816609775318 49.63235294117647
client c0_1: data:2216 train: 2216 train: [1.4919241977774578, 1.3591074969457544, 1.325710440027541, 1.3226124842961628, 1.3221825223038162] [46.01449275362319, 51.494565217391305, 51.766304347826086, 52.26449275362319, 52.26449275362319] val: [1.488940063644858, 1.4426863754496855, 1.4324250571867998, 1.4391671629513012, 1.433168228934793] [45.955882352941174, 47.4264705882353, 48.345588235294116, 47.97794117647059, 47.97794117647059] test: 1.4738019774941837 45.77205882352941
client c0_3: data:2216 train: 2216 train: [1.4820396502812703, 1.3587426474128945, 1.3265071165734443, 1.3199415474698164, 1.323374603105628] [46.42210144927536, 51.08695652173913, 52.35507246376812, 52.76268115942029, 52.53623188405797] val: [1.4394055254319136, 1.385032190996058, 1.385909914970398, 1.3832017253426945, 1.3846432110842537] [47.794117647058826, 50.73529411764706, 50.73529411764706, 51.286764705882355, 50.919117647058826] test: 1.4894375380347757 45.220588235294116
cluster 0 node n1 {'test_loss': 1.4489438550976605, 'test_acc': 47.80649038461539} 
cluster 1 node n1 {'test_loss': 1.4469400483828325, 'test_acc': 47.77644230769231} 
flower aggregation {'test_loss': 1.4428584495416055, 'test_acc': 48.37740384615385} 
client c0_2: data:2216 train: 2216 train: [1.480593216591987, 1.33776206901108, 1.3098155346469602, 1.3063051510548247] [47.19202898550725, 52.03804347826087, 52.6268115942029, 52.98913043478261] val: [1.487899191239301, 1.4267035512363209, 1.4396570079466875, 1.4377670568578385] [45.220588235294116, 48.713235294117645, 48.345588235294116, 48.89705882352941] test: 1.4359801236320944 49.63235294117647
client c0_3: data:2216 train: 2216 train: [1.4635327121485835, 1.3390812657881475, 1.310110102529111, 1.3070360327112502, 1.307738979657491] [46.01449275362319, 50.63405797101449, 52.6268115942029, 52.71739130434783, 52.6268115942029] val: [1.4430370400933659, 1.3752730874454273, 1.3748729158850277, 1.3735751404481775, 1.375803176094504] [47.794117647058826, 50.36764705882353, 50.5514705882353, 50.73529411764706, 50.919117647058826] test: 1.484247172580046 43.38235294117647
client c0_6: data:2216 train: 2216 train: [1.5158082074013308, 1.3674438587133435, 1.337867235791856, 1.3379985577818276, 1.3372641214426013] [45.516304347826086, 50.81521739130435, 52.53623188405797, 52.219202898550726, 52.26449275362319] val: [1.5154277647242826, 1.5004837232477524, 1.4949599153855269, 1.4958187061197616, 1.5000288065742045] [45.404411764705884, 46.50735294117647, 45.955882352941174, 46.13970588235294, 45.588235294117645] test: 1.4120540338404037 49.81617647058823
client c0_4: data:2216 train: 2216 train: [1.5319206187690513, 1.3811671958453413, 1.3500576071117236, 1.3483180826988772, 1.3468242892320605] [44.11231884057971, 49.13949275362319, 50.36231884057971, 50.76992753623188, 50.76992753623188] val: [1.454904738594504, 1.3962722455754, 1.3910065118004293, 1.384639627793256, 1.3871316208558924] [48.529411764705884, 49.63235294117647, 50.0, 50.18382352941177, 49.81617647058823] test: 1.4163032139048857 50.73529411764706
client c0_5: data:2216 train: 2216 train: [1.4842597349830295, 1.360018160896025, 1.31924897864245, 1.312905113766159, 1.3163179072780886] [46.33152173913044, 52.1286231884058, 53.57789855072464, 53.94021739130435, 53.84963768115942] val: [1.4987798929214478, 1.4217982222052181, 1.4084275610306685, 1.4154083237928503, 1.4150197295581592] [44.85294117647059, 50.18382352941177, 50.919117647058826, 50.5514705882353, 50.73529411764706] test: 1.474861741065979 46.3235294117647
client c0_1: data:2216 train: 2216 train: [1.4608400990997537, 1.331534138624219, 1.30423521131709, 1.301099773766338, 1.3004504977792934] [46.33152173913044, 52.44565217391305, 53.07971014492754, 53.39673913043478, 53.30615942028985] val: [1.437642307842479, 1.4138055128209732, 1.4230255169026993, 1.4074567836873673, 1.4054145953234505] [48.161764705882355, 47.61029411764706, 46.3235294117647, 46.875, 47.4264705882353] test: 1.4520511486951042 48.161764705882355
cluster 0 node n1 {'test_loss': 1.4324018874993691, 'test_acc': 48.25721153846154} 
cluster 1 node n1 {'test_loss': 1.4351122287603526, 'test_acc': 48.046875} 
flower aggregation {'test_loss': 1.4280287302457368, 'test_acc': 48.49759615384615} 
client c0_2: data:2216 train: 2216 train: [1.4496204783951028, 1.3072745584059453, 1.277655493522036, 1.2739480301953745] [48.867753623188406, 52.80797101449275, 54.393115942028984, 54.43840579710145] val: [1.4652300021227669, 1.401018524871153, 1.4306532425038956, 1.4203461478738224] [47.97794117647059, 49.81617647058823, 49.080882352941174, 49.4485294117647] test: 1.4350925122990328 51.838235294117645
client c0_4: data:2216 train: 2216 train: [1.499382698017618, 1.36303400647813, 1.3288633676542752, 1.3276410120120947] [45.42572463768116, 49.90942028985507, 51.494565217391305, 51.358695652173914] val: [1.4228984958985273, 1.3788852060542387, 1.3820568182889152, 1.380452359423918] [49.26470588235294, 50.0, 49.4485294117647, 49.26470588235294] test: 1.4016709047205307 51.10294117647059
client c0_5: data:2216 train: 2216 train: [1.4564634129620981, 1.3124519033708435, 1.2866986264353213, 1.28392609824305, 1.2825955022936282] [46.55797101449275, 53.35144927536232, 54.030797101449274, 54.34782608695652, 54.34782608695652] val: [1.4207566135069902, 1.4023277268690222, 1.3865021256839527, 1.4078744790133308, 1.3914177417755127] [50.5514705882353, 50.73529411764706, 51.286764705882355, 50.36764705882353, 50.919117647058826] test: 1.4673492487739115 46.69117647058823
client c0_6: data:2216 train: 2216 train: [1.474371808162634, 1.3411099444264951, 1.3111662674641265, 1.3049243628114895, 1.3080538787703584] [46.55797101449275, 51.90217391304348, 52.89855072463768, 53.03442028985507, 52.76268115942029] val: [1.5230089496163761, 1.4840046868604773, 1.4808845520019531, 1.4812767575768864, 1.4742942277122946] [47.05882352941177, 46.875, 46.13970588235294, 46.69117647058823, 46.69117647058823] test: 1.405265345292933 50.5514705882353
client c0_1: data:2216 train: 2216 train: [1.4461480672808662, 1.3085247114084768, 1.2766945534858152, 1.273298196170641, 1.2719832494638967] [47.69021739130435, 52.58152173913044, 54.1213768115942, 54.21195652173913, 54.257246376811594] val: [1.4646093003890093, 1.410168493495268, 1.4067375659942627, 1.4016440615934485, 1.4062029754414278] [47.4264705882353, 48.529411764705884, 48.713235294117645, 48.89705882352941, 48.713235294117645] test: 1.4388662646798527 47.794117647058826
client c0_3: data:2216 train: 2216 train: [1.4446277998495793, 1.2991741040478582, 1.2769333417864814, 1.275287895962812, 1.274798710277115] [47.82608695652174, 52.58152173913044, 53.94021739130435, 53.84963768115942, 53.84963768115942] val: [1.3660504151793087, 1.3471018075942993, 1.3483106248519, 1.3453499639735502, 1.344656229019165] [51.286764705882355, 51.10294117647059, 52.02205882352941, 51.654411764705884, 52.205882352941174] test: 1.468093100716086 44.669117647058826
cluster 0 node n1 {'test_loss': 1.4225728718134074, 'test_acc': 48.73798076923077} 
cluster 1 node n1 {'test_loss': 1.421272805103889, 'test_acc': 48.91826923076923} 
flower aggregation {'test_loss': 1.4173561420578222, 'test_acc': 49.24879807692308} 
client c0_1: data:2216 train: 2216 train: [1.4370956852816152, 1.2797824602196182, 1.2576027555742126, 1.254432311092598, 1.2520455942637678] [47.8713768115942, 53.80434782608695, 54.483695652173914, 54.891304347826086, 55.117753623188406] val: [1.4043441940756405, 1.3953651189804077, 1.3938560906578512, 1.4006405297447653, 1.3917736831833334] [48.161764705882355, 49.63235294117647, 49.4485294117647, 49.26470588235294, 50.18382352941177] test: 1.4360754560021793 48.161764705882355
client c0_4: data:2216 train: 2216 train: [1.468788578890372, 1.3366051428559897, 1.306864000748897, 1.3031764462374258] [46.78442028985507, 52.03804347826087, 52.6268115942029, 53.03442028985507] val: [1.4221346939311308, 1.3560545935350306, 1.3633986360886519, 1.3669211583978989] [47.97794117647059, 50.5514705882353, 49.81617647058823, 50.0] test: 1.3946214633829452 50.0
client c0_6: data:2216 train: 2216 train: [1.4487026497937632, 1.3122933748839558, 1.2821415913277778, 1.2785741332648457, 1.278819241385529] [46.42210144927536, 53.03442028985507, 54.1213768115942, 54.302536231884055, 54.21195652173913] val: [1.5145913642995499, 1.4644637809080236, 1.4654138789457434, 1.4574153703801773, 1.4685581221300013] [44.669117647058826, 48.529411764705884, 48.529411764705884, 48.345588235294116, 47.97794117647059] test: 1.386444561621722 49.63235294117647
client c0_3: data:2216 train: 2216 train: [1.4289088784784512, 1.2885121115739795, 1.256256349708723, 1.2543084811473237, 1.2525527658669844] [47.96195652173913, 54.07608695652174, 55.072463768115945, 55.208333333333336, 55.344202898550726] val: [1.3850060350754683, 1.3339920885422651, 1.3351468829547657, 1.329867860850166, 1.3220362172407263] [49.26470588235294, 52.38970588235294, 52.02205882352941, 52.02205882352941, 52.38970588235294] test: 1.4514103286406572 44.669117647058826
client c0_5: data:2216 train: 2216 train: [1.4276817579200303, 1.292122040969738, 1.2636085886886155, 1.2598047610642253, 1.2588896138080652] [48.77717391304348, 54.393115942028984, 55.2536231884058, 55.61594202898551, 55.66123188405797] val: [1.41734120425056, 1.3918524419560152, 1.3836421054952286, 1.3870806413538315, 1.38123839041766] [47.97794117647059, 50.18382352941177, 50.18382352941177, 50.0, 50.36764705882353] test: 1.4560136654797722 47.61029411764706
client c0_2: data:2216 train: 2216 train: [1.4414374396420908, 1.2878637313842773, 1.2571963719699695, 1.2553069643352344, 1.2561740426049717] [48.68659420289855, 53.84963768115942, 54.57427536231884, 54.393115942028984, 54.34782608695652] val: [1.4531412335003124, 1.4164118977154003, 1.412455067915075, 1.421001153833726, 1.4221912482205559] [48.713235294117645, 51.838235294117645, 52.5735294117647, 52.02205882352941, 51.838235294117645] test: 1.4291532039642334 50.0
cluster 0 node n1 {'test_loss': 1.412559231886497, 'test_acc': 48.4375} 
cluster 1 node n1 {'test_loss': 1.4059970390338163, 'test_acc': 48.88822115384615} 
flower aggregation {'test_loss': 1.4034132464573934, 'test_acc': 49.18870192307692} 
client c0_6: data:2216 train: 2216 train: [1.4431927411452583, 1.2926936244619065, 1.26529730402905, 1.2618590360102446] [47.69021739130435, 54.302536231884055, 54.93659420289855, 54.755434782608695] val: [1.5019412812064676, 1.455014376079335, 1.45856853092418, 1.4576050884583418] [46.50735294117647, 48.89705882352941, 48.713235294117645, 48.345588235294116] test: 1.3834773161832024 50.36764705882353
client c0_4: data:2216 train: 2216 train: [1.4640464972758638, 1.3170992973921956, 1.2830783396527388, 1.2802792873935422, 1.2792744221894636] [47.23731884057971, 52.89855072463768, 53.80434782608695, 53.84963768115942, 53.84963768115942] val: [1.4277934747583725, 1.367072887280408, 1.3615162653081558, 1.3506550508386947, 1.359982266145594] [47.794117647058826, 48.89705882352941, 48.89705882352941, 49.26470588235294, 48.713235294117645] test: 1.3887880760080673 52.38970588235294
client c0_5: data:2216 train: 2216 train: [1.4317588287851084, 1.27791179349457, 1.2448456745216812, 1.2470239711844402, 1.2446247814358145] [47.8713768115942, 53.44202898550725, 55.88768115942029, 55.52536231884058, 55.57065217391305] val: [1.4164660117205452, 1.3873665192547966, 1.380599393564112, 1.3712227414636051, 1.3698580194922054] [49.26470588235294, 50.919117647058826, 51.10294117647059, 51.470588235294116, 51.286764705882355] test: 1.4429586915408863 47.794117647058826
client c0_1: data:2216 train: 2216 train: [1.426800088606019, 1.2686817620111548, 1.2403083391811536, 1.2376260135484778, 1.2370097058406775] [48.641304347826086, 54.57427536231884, 55.57065217391305, 55.88768115942029, 55.84239130434783] val: [1.403855982948752, 1.3875981569290161, 1.390078257111942, 1.382468349793378, 1.376322584993699] [48.161764705882355, 49.63235294117647, 49.63235294117647, 49.81617647058823, 50.0] test: 1.4144484015072094 48.713235294117645
client c0_2: data:2216 train: 2216 train: [1.430893695872763, 1.2688394646713699, 1.2409933364909629, 1.2367496153582698, 1.2357691543689673] [48.460144927536234, 54.57427536231884, 55.48007246376812, 55.43478260869565, 55.57065217391305] val: [1.419196269091438, 1.405214449938606, 1.4044097030864042, 1.40329110622406, 1.405928653829238] [49.080882352941174, 51.838235294117645, 52.38970588235294, 52.205882352941174, 51.838235294117645] test: 1.4047760472578161 50.5514705882353
client c0_3: data:2216 train: 2216 train: [1.3979470315186873, 1.2577895608501157, 1.2272847320722498, 1.2236690262089605, 1.2214015368102253] [48.867753623188406, 55.072463768115945, 55.97826086956522, 56.25, 56.38586956521739] val: [1.3777934873805326, 1.315045195467332, 1.3105437685461605, 1.3046647310256958, 1.315245137495153] [48.89705882352941, 50.5514705882353, 51.286764705882355, 50.73529411764706, 51.10294117647059] test: 1.4344495184281294 45.955882352941174
cluster 0 node n1 {'test_loss': 1.403567259128277, 'test_acc': 48.91826923076923} 
cluster 1 node n1 {'test_loss': 1.3961278756077473, 'test_acc': 49.21875} 
flower aggregation {'test_loss': 1.3950583384587214, 'test_acc': 49.609375} 
client c0_6: data:2216 train: 2216 train: [1.407597351765287, 1.271103852900906, 1.2361342431842417, 1.233658948670263] [49.13949275362319, 54.981884057971016, 56.11413043478261, 56.34057971014493] val: [1.476470575613134, 1.4322922510259293, 1.4397408401264864, 1.4376085155150469] [47.794117647058826, 49.26470588235294, 48.529411764705884, 48.713235294117645] test: 1.374672861660228 50.919117647058826
client c0_2: data:2216 train: 2216 train: [1.4031366610872573, 1.2452091972033184, 1.2154214865919473, 1.210436168788136] [49.27536231884058, 55.117753623188406, 55.7518115942029, 55.97826086956522] val: [1.4352229482987349, 1.3955748361699722, 1.4001252861583935, 1.4045995894600363] [48.529411764705884, 51.470588235294116, 51.654411764705884, 51.286764705882355] test: 1.3874454007429236 51.654411764705884
client c0_3: data:2216 train: 2216 train: [1.3803954815519028, 1.2513743690822436, 1.2096341304157092, 1.205812754838363, 1.2056785459103792] [49.27536231884058, 55.16304347826087, 56.79347826086956, 57.155797101449274, 57.11050724637681] val: [1.4008064480388867, 1.3047266286962174, 1.2946859948775347, 1.3058646847220028, 1.3070620859370512] [49.81617647058823, 52.75735294117647, 52.75735294117647, 52.75735294117647, 52.94117647058823] test: 1.4314566570169784 45.404411764705884
client c0_5: data:2216 train: 2216 train: [1.4097232162088589, 1.2531356889268626, 1.2251133244970571, 1.220618109772171, 1.2199636473171953] [48.91304347826087, 55.84239130434783, 55.88768115942029, 56.15942028985507, 56.20471014492754] val: [1.4332188508089851, 1.3674303503597485, 1.3631414946387796, 1.3861592376933378, 1.364046251072603] [48.529411764705884, 50.36764705882353, 51.10294117647059, 50.36764705882353, 51.286764705882355] test: 1.4322099264930277 48.529411764705884
client c0_1: data:2216 train: 2216 train: [1.397185800732046, 1.2551052553066309, 1.2240513813668403, 1.2179484324178833, 1.2199955703555674] [49.23007246376812, 55.2536231884058, 56.52173913043478, 56.83876811594203, 56.61231884057971] val: [1.448176061405855, 1.378542325075935, 1.3721067414564245, 1.3683810654808493, 1.3728436652351828] [47.97794117647059, 50.0, 49.81617647058823, 49.63235294117647, 49.81617647058823] test: 1.4074532845441032 49.080882352941174
client c0_4: data:2216 train: 2216 train: [1.4425387728041497, 1.3014715789020925, 1.2639886408612349, 1.2614492117494778, 1.2595461131869883] [48.460144927536234, 53.89492753623188, 54.710144927536234, 54.664855072463766, 54.80072463768116] val: [1.3999883918201221, 1.3443629706607145, 1.3388661777271944, 1.3452327952665442, 1.3461371590109432] [49.4485294117647, 51.838235294117645, 52.5735294117647, 51.838235294117645, 52.02205882352941] test: 1.3877239718156702 51.654411764705884
cluster 0 node n1 {'test_loss': 1.3839002893521235, 'test_acc': 50.33052884615385} 
cluster 1 node n1 {'test_loss': 1.3876363795537214, 'test_acc': 49.75961538461539} 
flower aggregation {'test_loss': 1.381614757845035, 'test_acc': 50.15024038461539} 
client c0_3: data:2216 train: 2216 train: [1.3783930695575217, 1.2293580960536348, 1.1941620025081912, 1.1934044300646023, 1.193675228651019] [50.27173913043478, 56.15942028985507, 57.11050724637681, 57.01992753623188, 57.06521739130435] val: [1.3272100055918974, 1.3041125255472519, 1.29273924406837, 1.2988132518880509, 1.3004933806026684] [50.73529411764706, 52.205882352941174, 52.5735294117647, 52.38970588235294, 52.205882352941174] test: 1.4113210650051342 45.955882352941174
client c0_6: data:2216 train: 2216 train: [1.4153655508290166, 1.2603297916011533, 1.222017070521479, 1.2185691612354224, 1.2199566053307576] [49.18478260869565, 56.02355072463768, 56.56702898550725, 56.7481884057971, 56.56702898550725] val: [1.466882134185118, 1.4318776411168717, 1.426986476954292, 1.4051127083161299, 1.4288781390470617] [48.161764705882355, 48.713235294117645, 48.529411764705884, 49.26470588235294, 48.713235294117645] test: 1.373841843184303 50.18382352941177
client c0_2: data:2216 train: 2216 train: [1.3937815773314324, 1.2224715645762458, 1.1922342664953591, 1.188673538574274, 1.190570512543554] [50.18115942028985, 56.47644927536232, 57.744565217391305, 57.427536231884055, 57.33695652173913] val: [1.4145219676634844, 1.4066075437209185, 1.3948858485502356, 1.39272720673505, 1.3864188685136682] [49.4485294117647, 51.654411764705884, 51.838235294117645, 51.838235294117645, 52.38970588235294] test: 1.3853173326043522 51.286764705882355
client c0_5: data:2216 train: 2216 train: [1.3935825392819834, 1.2449966954148335, 1.2047232786814372, 1.2012662628422612, 1.2036642967790798] [49.59239130434783, 55.344202898550726, 57.01992753623188, 56.92934782608695, 56.83876811594203] val: [1.4141336959951065, 1.3641661335440243, 1.359637835446526, 1.3728056514964384, 1.3686362785451553] [49.63235294117647, 52.94117647058823, 53.125, 52.75735294117647, 52.75735294117647] test: 1.4206223137238447 47.24264705882353
client c0_4: data:2216 train: 2216 train: [1.4123995563258296, 1.2774605370950007, 1.2415593214656995, 1.2384251865787783, 1.2367808093195376] [48.233695652173914, 54.302536231884055, 55.88768115942029, 55.88768115942029, 56.02355072463768] val: [1.372011984095854, 1.3248651834095226, 1.3262135631897871, 1.3218457558575798, 1.3216650345746208] [51.838235294117645, 51.10294117647059, 50.73529411764706, 50.73529411764706, 51.10294117647059] test: 1.3893417575780083 51.470588235294116
client c0_1: data:2216 train: 2216 train: [1.3890321358390476, 1.2530627095181008, 1.2086309609205828, 1.2057992703672769, 1.2054595627646516] [49.18478260869565, 54.43840579710145, 56.43115942028985, 56.56702898550725, 56.65760869565217] val: [1.4444170769523172, 1.3692001034231747, 1.3722436077454512, 1.3606882516075582, 1.365857885164373] [46.3235294117647, 50.36764705882353, 50.36764705882353, 50.73529411764706, 50.5514705882353] test: 1.3933159463545854 49.4485294117647
cluster 0 node n1 {'test_loss': 1.3767638613398259, 'test_acc': 50.75120192307692} 
cluster 1 node n1 {'test_loss': 1.3793557360768318, 'test_acc': 49.66947115384615} 
flower aggregation {'test_loss': 1.3735701699669545, 'test_acc': 50.36057692307692} 
